xof 0303txt 0032
template Frame {
 <3d82ab46-62da-11cf-ab39-0020af71e433>
 [...]
}

template Matrix4x4 {
 <f6f23f45-7686-11cf-8f52-0040333594a3>
 array FLOAT matrix[16];
}

template FrameTransformMatrix {
 <f6f23f41-7686-11cf-8f52-0040333594a3>
 Matrix4x4 frameMatrix;
}

template Vector {
 <3d82ab5e-62da-11cf-ab39-0020af71e433>
 FLOAT x;
 FLOAT y;
 FLOAT z;
}

template MeshFace {
 <3d82ab5f-62da-11cf-ab39-0020af71e433>
 DWORD nFaceVertexIndices;
 array DWORD faceVertexIndices[nFaceVertexIndices];
}

template Mesh {
 <3d82ab44-62da-11cf-ab39-0020af71e433>
 DWORD nVertices;
 array Vector vertices[nVertices];
 DWORD nFaces;
 array MeshFace faces[nFaces];
 [...]
}

template ColorRGBA {
 <35ff44e0-6c7c-11cf-8f52-0040333594a3>
 FLOAT red;
 FLOAT green;
 FLOAT blue;
 FLOAT alpha;
}

template ColorRGB {
 <d3e16e81-7835-11cf-8f52-0040333594a3>
 FLOAT red;
 FLOAT green;
 FLOAT blue;
}

template Material {
 <3d82ab4d-62da-11cf-ab39-0020af71e433>
 ColorRGBA faceColor;
 FLOAT power;
 ColorRGB specularColor;
 ColorRGB emissiveColor;
 [...]
}

template MeshMaterialList {
 <f6f23f42-7686-11cf-8f52-0040333594a3>
 DWORD nMaterials;
 DWORD nFaceIndexes;
 array DWORD faceIndexes[nFaceIndexes];
 [Material <3d82ab4d-62da-11cf-ab39-0020af71e433>]
}

template Coords2d {
 <f6f23f44-7686-11cf-8f52-0040333594a3>
 FLOAT u;
 FLOAT v;
}

template MeshTextureCoords {
 <f6f23f40-7686-11cf-8f52-0040333594a3>
 DWORD nTextureCoords;
 array Coords2d textureCoords[nTextureCoords];
}


Frame Sphere001 {
 

 FrameTransformMatrix {
  1.000000,0.000000,0.000000,0.000000,0.000000,1.000000,0.000000,0.000000,0.000000,0.000000,1.000000,0.000000,0.294540,0.000000,0.099792,1.000000;;
 }

 Mesh  {
  559;
  0.000000;20.856261;0.000000;,
  -0.000000;20.455514;4.068855;,
  -0.793794;20.455514;3.990673;,
  -1.557083;20.455514;3.759132;,
  -2.260535;20.455514;3.383129;,
  -2.877115;20.455514;2.877115;,
  -3.383129;20.455514;2.260535;,
  -3.759132;20.455514;1.557083;,
  -3.990673;20.455514;0.793793;,
  -4.068855;20.455514;-0.000001;,
  -3.990672;20.455514;-0.793796;,
  -3.759131;20.455514;-1.557085;,
  -3.383128;20.455514;-2.260537;,
  -2.877113;20.455514;-2.877117;,
  -2.260532;20.455514;-3.383131;,
  -1.557080;20.455514;-3.759133;,
  -0.793791;20.455514;-3.990674;,
  0.000004;20.455514;-4.068855;,
  0.793798;20.455514;-3.990672;,
  1.557088;20.455514;-3.759130;,
  2.260539;20.455514;-3.383126;,
  2.877118;20.455514;-2.877111;,
  3.383132;20.455514;-2.260530;,
  3.759134;20.455514;-1.557078;,
  3.990674;20.455514;-0.793788;,
  4.068855;20.455514;0.000007;,
  3.990672;20.455514;0.793801;,
  3.759129;20.455514;1.557090;,
  3.383125;20.455514;2.260541;,
  2.877109;20.455514;2.877120;,
  2.260528;20.455514;3.383134;,
  1.557076;20.455514;3.759135;,
  0.793786;20.455514;3.990675;,
  -0.000000;19.268670;7.981346;,
  -1.557083;19.268670;7.827986;,
  -3.054328;19.268670;7.373802;,
  -4.434198;19.268670;6.636247;,
  -5.643664;19.268670;5.643664;,
  -6.636247;19.268670;4.434198;,
  -7.373802;19.268670;3.054327;,
  -7.827986;19.268670;1.557082;,
  -7.981346;19.268670;-0.000003;,
  -7.827986;19.268670;-1.557087;,
  -7.373800;19.268670;-3.054332;,
  -6.636244;19.268670;-4.434202;,
  -5.643660;19.268670;-5.643667;,
  -4.434194;19.268670;-6.636250;,
  -3.054323;19.268670;-7.373805;,
  -1.557077;19.268670;-7.827988;,
  0.000008;19.268670;-7.981346;,
  1.557092;19.268670;-7.827985;,
  3.054337;19.268670;-7.373798;,
  4.434206;19.268670;-6.636241;,
  5.643670;19.268670;-5.643656;,
  6.636252;19.268670;-4.434189;,
  7.373806;19.268670;-3.054318;,
  7.827989;19.268670;-1.557071;,
  7.981346;19.268670;0.000013;,
  7.827984;19.268670;1.557097;,
  7.373797;19.268670;3.054342;,
  6.636238;19.268670;4.434210;,
  5.643652;19.268670;5.643674;,
  4.434185;19.268670;6.636255;,
  3.054313;19.268670;7.373808;,
  1.557066;19.268670;7.827990;,
  -0.000001;17.341347;11.587117;,
  -2.260535;17.341347;11.364474;,
  -4.434198;17.341347;10.705101;,
  -6.437457;17.341347;9.634337;,
  -8.193329;17.341347;8.193329;,
  -9.634337;17.341347;6.437457;,
  -10.705101;17.341347;4.434196;,
  -11.364474;17.341347;2.260532;,
  -11.587117;17.341347;-0.000004;,
  -11.364474;17.341347;-2.260539;,
  -10.705098;17.341347;-4.434203;,
  -14.156891;17.341347;-6.437463;,
  -8.193324;17.341347;-8.193334;,
  -6.437450;17.341347;-9.634340;,
  -4.434189;17.341347;-10.705104;,
  -2.260525;17.341347;-11.364475;,
  0.000011;17.341347;-11.587117;,
  2.260546;17.341347;-11.364471;,
  4.434210;17.341347;-10.705095;,
  6.437470;17.341347;-9.634328;,
  8.193339;17.341347;-8.193318;,
  9.634345;17.341347;-6.437444;,
  10.705106;17.341347;-4.434182;,
  11.364477;17.341347;-2.260517;,
  11.587117;17.341347;0.000019;,
  11.364470;17.341347;2.260554;,
  10.705093;17.341347;4.434216;,
  9.634324;17.341347;6.437476;,
  8.193313;17.341347;8.193345;,
  6.437438;17.341347;9.634349;,
  4.434176;17.341347;10.705110;,
  2.260510;17.341347;11.364479;,
  -0.000001;14.747603;14.747603;,
  -2.877115;14.747603;14.464230;,
  -5.643662;14.747603;17.883779;,
  -8.193328;14.747603;12.262184;,
  -10.428129;14.747603;10.428129;,
  -15.824955;14.747603;12.617090;,
  -13.625010;14.747603;5.643661;,
  -14.464232;14.747603;2.877111;,
  -14.747603;14.747603;-0.000005;,
  -14.464230;14.747603;-2.877120;,
  -13.625005;14.747603;-5.643670;,
  -12.262178;14.747603;-8.193337;,
  -10.428123;14.747603;-10.428137;,
  -8.193320;14.747603;-12.262189;,
  -5.643652;14.747603;-13.625013;,
  -2.877102;14.747603;-14.464234;,
  0.000014;14.747603;-14.747603;,
  2.877130;14.747603;-14.464229;,
  5.643678;14.747603;-13.625002;,
  8.193344;14.747603;-12.262174;,
  10.428142;14.747603;-10.428117;,
  12.262194;14.747603;-8.193313;,
  13.625016;14.747603;-5.643643;,
  14.464235;14.747603;-2.877092;,
  14.747603;14.747603;0.000024;,
  14.464227;14.747603;2.877139;,
  13.624998;14.747603;5.643687;,
  12.262168;14.747603;8.193352;,
  10.428109;14.747603;10.428150;,
  8.193304;14.747603;12.262199;,
  5.643635;14.747603;13.625021;,
  2.877083;14.747603;14.464238;,
  -0.000001;11.587116;17.341347;,
  -3.383129;11.587116;17.008136;,
  -6.636245;11.587116;16.021317;,
  -9.634335;11.587116;14.418803;,
  -12.262183;11.587116;12.262183;,
  -14.418803;11.587116;9.634335;,
  -16.021317;11.587116;6.636243;,
  -17.008139;11.587116;3.383125;,
  -24.433934;11.587116;-0.000006;,
  -17.008136;11.587116;-3.383136;,
  -16.021310;11.587116;-6.636254;,
  -14.418797;11.587116;-9.634344;,
  -12.262177;11.587116;-12.262192;,
  -12.703339;11.587116;-18.136373;,
  -6.636233;11.587116;-16.021320;,
  -3.383114;11.587116;-17.008141;,
  0.000017;11.587116;-17.341347;,
  3.383147;11.587116;-17.008134;,
  6.636264;11.587116;-21.027074;,
  9.634354;11.587116;-14.418790;,
  12.262199;11.587116;-12.262168;,
  14.418816;11.587116;-9.634317;,
  16.021326;11.587116;-6.636223;,
  20.178899;11.587116;-3.383103;,
  17.341347;11.587116;0.000028;,
  17.008131;11.587116;3.383158;,
  16.021302;11.587116;6.636274;,
  17.660259;11.587116;11.152513;,
  12.262160;11.587116;12.262207;,
  9.634307;11.587116;14.418822;,
  9.755110;18.704814;20.874973;,
  3.383092;11.587116;17.008146;,
  -0.000001;7.981345;19.268670;,
  -3.759131;7.981345;18.898427;,
  -7.373800;7.981345;17.801931;,
  -10.705099;7.981345;16.021315;,
  -13.625008;7.981345;13.625008;,
  -16.021315;7.981345;10.705099;,
  -17.801933;7.981345;7.373798;,
  -18.898430;7.981345;3.759127;,
  -19.268670;7.981345;-0.000006;,
  -18.898427;7.981345;-3.759139;,
  -17.801928;7.981345;-7.373810;,
  -16.021309;7.981345;-10.705110;,
  -13.625000;7.981345;-13.625018;,
  -10.705089;7.981345;-16.021322;,
  -7.373787;7.981345;-17.801938;,
  -3.759114;7.981345;-18.898432;,
  0.000019;7.981345;-19.268670;,
  3.759151;7.981345;-18.898424;,
  7.373822;7.981345;-17.801922;,
  10.705120;7.981345;-16.021301;,
  13.625024;7.981345;-13.624990;,
  16.021330;7.981345;-10.705078;,
  17.801941;7.981345;-7.373775;,
  18.898434;7.981345;-3.759102;,
  19.268670;7.981345;0.000031;,
  18.898422;7.981345;3.759163;,
  17.801918;7.981345;7.373833;,
  16.021294;7.981345;10.705130;,
  13.624981;7.981345;13.625034;,
  10.705069;7.981345;16.021336;,
  7.373765;7.981345;17.801947;,
  3.759090;7.981345;18.898437;,
  -0.000001;4.068855;20.455514;,
  -3.990672;4.068855;20.062466;,
  -7.827986;4.068855;18.898430;,
  -11.364474;4.068855;17.008139;,
  -14.464232;4.068855;14.464232;,
  -17.008139;4.068855;11.364474;,
  -18.898432;4.068855;7.827983;,
  -20.062467;4.068855;3.990668;,
  -20.455514;4.068855;-0.000007;,
  -20.062464;4.068855;-3.990681;,
  -18.898426;4.068855;-7.827995;,
  -17.008131;4.068855;-11.364484;,
  -14.464222;4.068855;-14.464242;,
  -11.364462;4.068855;-17.008146;,
  -7.827970;4.068855;-18.898435;,
  -3.990655;4.068855;-20.062469;,
  0.476023;13.928146;-39.609718;,
  3.990694;4.068855;-20.062462;,
  7.828007;4.068855;-18.898421;,
  11.364495;4.068855;-17.008123;,
  14.464250;4.068855;-14.464213;,
  31.128646;4.068855;-23.524701;,
  18.898442;4.068855;-7.827958;,
  20.062472;4.068855;-3.990642;,
  20.455514;4.068855;0.000033;,
  20.062459;4.068855;3.990706;,
  18.898416;4.068855;7.828019;,
  17.008115;4.068855;11.364506;,
  14.464203;4.068855;14.464261;,
  11.364440;4.068855;17.008160;,
  7.827946;4.068855;18.898446;,
  3.990629;4.068855;20.062475;,
  -0.000001;0.000002;20.856261;,
  -7.450254;0.000002;37.141709;,
  -7.981345;0.000002;19.268674;,
  -11.587116;0.000002;17.341347;,
  -14.747603;0.000002;14.747603;,
  -27.668109;0.000002;18.288677;,
  -19.268675;0.000002;7.981342;,
  -20.455514;0.000002;4.068850;,
  -20.856261;0.000002;-0.000007;,
  -20.455510;0.000002;-4.068863;,
  -34.234544;-2.355299;-20.132320;,
  -17.341341;0.000002;-11.587128;,
  -14.747594;0.000002;-14.747613;,
  -11.587105;0.000002;-17.341354;,
  -7.981330;0.000002;-19.268678;,
  -4.068837;0.000002;-20.455517;,
  0.000020;0.000002;-20.856261;,
  4.068876;0.000002;-20.455509;,
  7.981367;0.000002;-19.268664;,
  11.587139;0.000002;-17.341333;,
  14.747621;0.000002;-14.747584;,
  17.341362;0.000002;-11.587094;,
  19.268685;0.000002;-7.981317;,
  20.455518;0.000002;-4.068823;,
  20.856261;0.000002;0.000033;,
  34.660234;0.000002;4.068889;,
  19.268658;0.000002;7.981379;,
  17.341326;0.000002;11.587150;,
  14.747574;0.000002;14.747630;,
  22.241688;1.659519;30.976144;,
  7.981306;0.000002;19.268688;,
  4.068810;0.000002;20.455523;,
  -0.000001;-4.068852;20.455514;,
  -3.990672;-4.068852;20.062466;,
  -7.827986;-4.068852;18.898430;,
  -11.364474;-4.068852;17.008139;,
  -14.464232;-4.068852;14.464232;,
  -17.008139;-4.068852;11.364474;,
  -18.898432;-4.068852;7.827983;,
  -20.062467;-4.068852;3.990668;,
  -20.455514;-4.068852;-0.000007;,
  -20.062464;-4.068852;-3.990681;,
  -18.898426;-4.068852;-7.827995;,
  -17.008131;-4.068852;-11.364484;,
  -14.464222;-4.068852;-14.464242;,
  -11.364462;-4.068852;-17.008146;,
  -7.827970;-4.068852;-18.898435;,
  -3.990655;-4.068852;-20.062469;,
  -3.381379;-4.068852;-3.769318;,
  3.990694;-4.068852;-20.062462;,
  12.554491;-6.424153;-31.049389;,
  11.364495;-4.068852;-17.008123;,
  14.464250;-4.068852;-14.464213;,
  17.008154;-4.068852;-11.364451;,
  18.898442;-4.068852;-7.827958;,
  20.062472;-4.068852;-3.990642;,
  20.455514;-4.068852;0.000033;,
  20.062459;-4.068852;3.990706;,
  18.898416;-4.068852;7.828019;,
  17.008115;-4.068852;11.364506;,
  14.464203;-4.068852;14.464261;,
  11.364440;-4.068852;17.008160;,
  7.827946;-4.068852;18.898446;,
  3.990629;-4.068852;20.062475;,
  -0.000001;-7.981342;19.268674;,
  -3.759132;-7.981342;18.898430;,
  -7.373802;-7.981342;17.801933;,
  -10.705100;-7.981342;16.021317;,
  -13.625010;-7.981342;13.625010;,
  -16.021317;-7.981342;10.705100;,
  -17.801934;-7.981342;7.373799;,
  -29.247248;-15.744130;3.759127;,
  -19.268674;-7.981342;-0.000006;,
  -18.898430;-7.981342;-3.759139;,
  -17.801930;-7.981342;-7.373810;,
  -16.021310;-7.981342;-10.705110;,
  -2.970395;-6.321824;0.009755;,
  -10.705090;-7.981342;-16.021325;,
  -7.373787;-7.981342;-17.801939;,
  -3.759115;-7.981342;-18.898434;,
  0.000019;-7.981342;-19.268674;,
  3.759152;-7.981342;-18.898426;,
  7.373822;-7.981342;-17.801923;,
  12.052010;-6.894481;-20.042536;,
  13.625027;-7.981342;-13.624992;,
  16.021330;-7.981342;-10.705079;,
  17.801942;-7.981342;-7.373776;,
  18.898435;-7.981342;-3.759102;,
  19.268674;-7.981342;0.000031;,
  18.898424;-7.981342;3.759164;,
  17.801920;-7.981342;7.373833;,
  16.021296;-7.981342;10.705131;,
  13.624982;-7.981342;13.625035;,
  10.705070;-7.981342;16.021338;,
  7.373765;-7.981342;17.801949;,
  3.759091;-7.981342;18.898440;,
  -0.000001;-11.587116;17.341347;,
  -3.383129;-11.587116;17.008136;,
  -6.636245;-11.587116;16.021317;,
  -9.634335;-11.587116;14.418803;,
  -12.262183;-11.587116;12.262183;,
  -14.418803;-11.587116;9.634335;,
  -16.021317;-11.587116;6.636243;,
  -17.008139;-11.587116;3.383125;,
  -17.341347;-11.587116;-0.000006;,
  -17.008136;-11.587116;-3.383136;,
  -16.021310;-11.587116;-6.636254;,
  -14.418797;-11.587116;-9.634344;,
  -12.262177;-11.587116;-12.262192;,
  -9.634326;-11.587116;-14.418810;,
  -6.636233;-11.587116;-16.021320;,
  -3.383114;-11.587116;-17.008141;,
  0.000017;-11.587116;-17.341347;,
  3.383147;-11.587116;-17.008134;,
  6.636264;-11.587116;-16.021307;,
  9.634354;-11.587116;-14.418790;,
  12.262199;-11.587116;-12.262168;,
  14.418816;-11.587116;-9.634317;,
  16.021326;-11.587116;-6.636223;,
  17.008142;-11.587116;-3.383103;,
  17.341347;-11.587116;0.000028;,
  17.008131;-11.587116;3.383158;,
  16.021302;-11.587116;6.636274;,
  14.418786;-11.587116;9.634363;,
  12.262160;-11.587116;12.262207;,
  9.634307;-11.587116;14.418822;,
  6.636213;-11.587116;16.021330;,
  3.383092;-11.587116;17.008146;,
  -0.000001;-14.747603;14.747603;,
  -2.877115;-14.747603;14.464230;,
  -5.643662;-14.747603;13.625008;,
  -8.193328;-14.747603;12.262184;,
  -10.428129;-14.747603;10.428129;,
  -12.262184;-14.747603;8.193328;,
  -13.625010;-14.747603;5.643661;,
  -14.464232;-14.747603;2.877111;,
  -14.747603;-14.747603;-0.000005;,
  -14.464230;-14.747603;-2.877120;,
  -13.625005;-14.747603;-5.643670;,
  -12.262178;-14.747603;-8.193337;,
  -10.428123;-14.747603;-10.428137;,
  -8.193320;-14.747603;-12.262189;,
  -5.643652;-14.747603;-13.625013;,
  -2.877102;-14.747603;-14.464234;,
  0.000014;-14.747603;-14.747603;,
  2.877130;-14.747603;-14.464229;,
  5.643678;-14.747603;-13.625002;,
  8.193344;-14.747603;-12.262174;,
  10.428142;-14.747603;-10.428117;,
  12.262194;-14.747603;-8.193313;,
  13.625016;-14.747603;-5.643643;,
  14.464235;-14.747603;-2.877092;,
  14.747603;-14.747603;0.000024;,
  14.464227;-14.747603;2.877139;,
  13.624998;-14.747603;5.643687;,
  12.262168;-14.747603;8.193352;,
  10.428109;-14.747603;10.428150;,
  8.193304;-14.747603;12.262199;,
  5.643635;-14.747603;13.625021;,
  2.877083;-14.747603;14.464238;,
  -0.000001;-17.341347;11.587116;,
  -2.260534;-17.341347;11.364472;,
  -4.434197;-17.341347;10.705100;,
  -6.437456;-17.341347;9.634335;,
  -8.193328;-17.341347;8.193328;,
  -9.634335;-17.341347;6.437456;,
  -10.705101;-17.341347;4.434196;,
  -11.364474;-17.341347;2.260531;,
  -11.587116;-17.341347;-0.000004;,
  -11.364472;-17.341347;-2.260539;,
  -10.705097;-17.341347;-4.434203;,
  -9.634332;-17.341347;-6.437462;,
  -8.193323;-17.341347;-8.193334;,
  -6.437450;-17.341347;-9.634339;,
  -4.434189;-17.341347;-10.705103;,
  -2.260524;-17.341347;-11.364475;,
  0.000011;-17.341347;-11.587116;,
  2.260546;-17.341347;-11.364470;,
  4.434209;-17.341347;-10.705094;,
  6.437468;-17.341347;-9.634327;,
  8.193338;-17.341347;-8.193318;,
  9.634344;-17.341347;-6.437444;,
  10.705106;-17.341347;-4.434182;,
  11.364476;-17.341347;-2.260517;,
  11.587116;-17.341347;0.000019;,
  11.364470;-17.341347;2.260553;,
  10.705091;-17.341347;4.434216;,
  9.634323;-17.341347;6.437475;,
  8.193313;-17.341347;8.193344;,
  6.437438;-17.341347;9.634348;,
  4.434175;-17.341347;10.705109;,
  2.260509;-17.341347;11.364478;,
  -0.000000;-19.268675;7.981342;,
  -1.557083;-19.268675;7.827982;,
  -3.054327;-19.268675;7.373799;,
  -4.434196;-19.268675;6.636243;,
  -5.643661;-19.268675;5.643661;,
  -6.636243;-19.268675;4.434196;,
  -7.373799;-19.268675;3.054326;,
  -7.827983;-19.268675;1.557081;,
  -7.981342;-19.268675;-0.000003;,
  -7.827982;-19.268675;-1.557086;,
  -7.373797;-19.268675;-3.054331;,
  -6.636240;-19.268675;-4.434200;,
  -5.643658;-19.268675;-5.643665;,
  -4.434191;-19.268675;-6.636246;,
  -3.054321;-19.268675;-7.373802;,
  -1.557076;-19.268675;-7.827984;,
  0.000008;-19.268675;-7.981342;,
  1.557091;-19.268675;-7.827981;,
  3.054336;-19.268675;-7.373795;,
  4.434204;-19.268675;-6.636238;,
  5.643668;-19.268675;-5.643654;,
  6.636249;-19.268675;-4.434187;,
  7.373802;-19.268675;-3.054317;,
  7.827985;-19.268675;-1.557071;,
  7.981342;-19.268675;0.000013;,
  7.827980;-19.268675;1.557096;,
  7.373793;-19.268675;3.054340;,
  6.636235;-19.268675;4.434208;,
  5.643650;-19.268675;5.643672;,
  4.434183;-19.268675;6.636252;,
  3.054312;-19.268675;7.373805;,
  1.557066;-19.268675;7.827986;,
  -0.000000;-20.455514;4.068850;,
  -0.793793;-20.455514;3.990668;,
  -1.557081;-20.455514;3.759127;,
  -2.260531;-20.455514;3.383125;,
  -2.877111;-20.455514;2.877111;,
  -3.383125;-20.455514;2.260531;,
  -3.759127;-20.455514;1.557081;,
  -3.990668;-20.455514;0.793792;,
  -4.068850;-20.455514;-0.000001;,
  -3.990667;-20.455514;-0.793795;,
  -3.759126;-20.455514;-1.557083;,
  -3.383123;-20.455514;-2.260534;,
  -2.877109;-20.455514;-2.877113;,
  -2.260529;-20.455514;-3.383126;,
  -1.557078;-20.455514;-3.759128;,
  -0.793790;-20.455514;-3.990668;,
  0.000004;-20.455514;-4.068850;,
  0.793797;-20.455514;-3.990667;,
  1.557086;-20.455514;-3.759125;,
  2.260536;-20.455514;-3.383122;,
  2.877115;-20.455514;-2.877107;,
  3.383128;-20.455514;-2.260527;,
  3.759129;-20.455514;-1.557076;,
  3.990669;-20.455514;-0.793787;,
  4.068850;-20.455514;0.000007;,
  3.990666;-20.455514;0.793800;,
  3.759124;-20.455514;1.557088;,
  3.383120;-20.455514;2.260538;,
  2.877105;-20.455514;2.877117;,
  2.260525;-20.455514;3.383129;,
  1.557074;-20.455514;3.759130;,
  0.793785;-20.455514;3.990670;,
  0.000000;-20.856261;0.000000;,
  0.000000;20.856261;0.000000;,
  0.000000;20.856261;0.000000;,
  0.000000;20.856261;0.000000;,
  0.000000;20.856261;0.000000;,
  0.000000;20.856261;0.000000;,
  0.000000;20.856261;0.000000;,
  0.000000;20.856261;0.000000;,
  0.000000;20.856261;0.000000;,
  0.000000;20.856261;0.000000;,
  0.000000;20.856261;0.000000;,
  0.000000;20.856261;0.000000;,
  0.000000;20.856261;0.000000;,
  0.000000;20.856261;0.000000;,
  0.000000;20.856261;0.000000;,
  0.000000;20.856261;0.000000;,
  0.000000;20.856261;0.000000;,
  0.000000;20.856261;0.000000;,
  0.000000;20.856261;0.000000;,
  0.000000;20.856261;0.000000;,
  0.000000;20.856261;0.000000;,
  0.000000;20.856261;0.000000;,
  0.000000;20.856261;0.000000;,
  0.000000;20.856261;0.000000;,
  0.000000;20.856261;0.000000;,
  0.000000;20.856261;0.000000;,
  0.000000;20.856261;0.000000;,
  0.000000;20.856261;0.000000;,
  0.000000;20.856261;0.000000;,
  0.000000;20.856261;0.000000;,
  0.000000;20.856261;0.000000;,
  0.000000;20.856261;0.000000;,
  -0.000000;20.455514;4.068855;,
  -0.000000;19.268670;7.981346;,
  -0.000001;17.341347;11.587117;,
  -0.000001;14.747603;14.747603;,
  -0.000001;11.587116;17.341347;,
  -0.000001;7.981345;19.268670;,
  -0.000001;4.068855;20.455514;,
  -0.000001;0.000002;20.856261;,
  -0.000001;-4.068852;20.455514;,
  -0.000001;-7.981342;19.268674;,
  -0.000001;-11.587116;17.341347;,
  -0.000001;-14.747603;14.747603;,
  -0.000001;-17.341347;11.587116;,
  -0.000000;-19.268675;7.981342;,
  -0.000000;-20.455514;4.068850;,
  0.000000;-20.856261;0.000000;,
  0.000000;-20.856261;0.000000;,
  0.000000;-20.856261;0.000000;,
  0.000000;-20.856261;0.000000;,
  0.000000;-20.856261;0.000000;,
  0.000000;-20.856261;0.000000;,
  0.000000;-20.856261;0.000000;,
  0.000000;-20.856261;0.000000;,
  0.000000;-20.856261;0.000000;,
  0.000000;-20.856261;0.000000;,
  0.000000;-20.856261;0.000000;,
  0.000000;-20.856261;0.000000;,
  0.000000;-20.856261;0.000000;,
  0.000000;-20.856261;0.000000;,
  0.000000;-20.856261;0.000000;,
  0.000000;-20.856261;0.000000;,
  0.000000;-20.856261;0.000000;,
  0.000000;-20.856261;0.000000;,
  0.000000;-20.856261;0.000000;,
  0.000000;-20.856261;0.000000;,
  0.000000;-20.856261;0.000000;,
  0.000000;-20.856261;0.000000;,
  0.000000;-20.856261;0.000000;,
  0.000000;-20.856261;0.000000;,
  0.000000;-20.856261;0.000000;,
  0.000000;-20.856261;0.000000;,
  0.000000;-20.856261;0.000000;,
  0.000000;-20.856261;0.000000;,
  0.000000;-20.856261;0.000000;,
  0.000000;-20.856261;0.000000;,
  0.000000;-20.856261;0.000000;;
  960;
  3;0,2,1;,
  3;482,3,2;,
  3;483,4,3;,
  3;484,5,4;,
  3;485,6,5;,
  3;486,7,6;,
  3;487,8,7;,
  3;488,9,8;,
  3;489,10,9;,
  3;490,11,10;,
  3;491,12,11;,
  3;492,13,12;,
  3;493,14,13;,
  3;494,15,14;,
  3;495,16,15;,
  3;496,17,16;,
  3;497,18,17;,
  3;498,19,18;,
  3;499,20,19;,
  3;500,21,20;,
  3;501,22,21;,
  3;502,23,22;,
  3;503,24,23;,
  3;504,25,24;,
  3;505,26,25;,
  3;506,27,26;,
  3;507,28,27;,
  3;508,29,28;,
  3;509,30,29;,
  3;510,31,30;,
  3;511,32,31;,
  3;512,513,32;,
  3;1,34,33;,
  3;1,2,34;,
  3;2,35,34;,
  3;2,3,35;,
  3;3,36,35;,
  3;3,4,36;,
  3;4,37,36;,
  3;4,5,37;,
  3;5,38,37;,
  3;5,6,38;,
  3;6,39,38;,
  3;6,7,39;,
  3;7,40,39;,
  3;7,8,40;,
  3;8,41,40;,
  3;8,9,41;,
  3;9,42,41;,
  3;9,10,42;,
  3;10,43,42;,
  3;10,11,43;,
  3;11,44,43;,
  3;11,12,44;,
  3;12,45,44;,
  3;12,13,45;,
  3;13,46,45;,
  3;13,14,46;,
  3;14,47,46;,
  3;14,15,47;,
  3;15,48,47;,
  3;15,16,48;,
  3;16,49,48;,
  3;16,17,49;,
  3;17,50,49;,
  3;17,18,50;,
  3;18,51,50;,
  3;18,19,51;,
  3;19,52,51;,
  3;19,20,52;,
  3;20,53,52;,
  3;20,21,53;,
  3;21,54,53;,
  3;21,22,54;,
  3;22,55,54;,
  3;22,23,55;,
  3;23,56,55;,
  3;23,24,56;,
  3;24,57,56;,
  3;24,25,57;,
  3;25,58,57;,
  3;25,26,58;,
  3;26,59,58;,
  3;26,27,59;,
  3;27,60,59;,
  3;27,28,60;,
  3;28,61,60;,
  3;28,29,61;,
  3;29,62,61;,
  3;29,30,62;,
  3;30,63,62;,
  3;30,31,63;,
  3;31,64,63;,
  3;31,32,64;,
  3;32,514,64;,
  3;32,513,514;,
  3;33,66,65;,
  3;33,34,66;,
  3;34,67,66;,
  3;34,35,67;,
  3;35,68,67;,
  3;35,36,68;,
  3;36,69,68;,
  3;36,37,69;,
  3;37,70,69;,
  3;37,38,70;,
  3;38,71,70;,
  3;38,39,71;,
  3;39,72,71;,
  3;39,40,72;,
  3;40,73,72;,
  3;40,41,73;,
  3;41,74,73;,
  3;41,42,74;,
  3;42,75,74;,
  3;42,43,75;,
  3;43,76,75;,
  3;43,44,76;,
  3;44,77,76;,
  3;44,45,77;,
  3;45,78,77;,
  3;45,46,78;,
  3;46,79,78;,
  3;46,47,79;,
  3;47,80,79;,
  3;47,48,80;,
  3;48,81,80;,
  3;48,49,81;,
  3;49,82,81;,
  3;49,50,82;,
  3;50,83,82;,
  3;50,51,83;,
  3;51,84,83;,
  3;51,52,84;,
  3;52,85,84;,
  3;52,53,85;,
  3;53,86,85;,
  3;53,54,86;,
  3;54,87,86;,
  3;54,55,87;,
  3;55,88,87;,
  3;55,56,88;,
  3;56,89,88;,
  3;56,57,89;,
  3;57,90,89;,
  3;57,58,90;,
  3;58,91,90;,
  3;58,59,91;,
  3;59,92,91;,
  3;59,60,92;,
  3;60,93,92;,
  3;60,61,93;,
  3;61,94,93;,
  3;61,62,94;,
  3;62,95,94;,
  3;62,63,95;,
  3;63,96,95;,
  3;63,64,96;,
  3;64,515,96;,
  3;64,514,515;,
  3;65,98,97;,
  3;65,66,98;,
  3;66,99,98;,
  3;66,67,99;,
  3;67,100,99;,
  3;67,68,100;,
  3;68,101,100;,
  3;68,69,101;,
  3;69,102,101;,
  3;69,70,102;,
  3;70,103,102;,
  3;70,71,103;,
  3;71,104,103;,
  3;71,72,104;,
  3;72,105,104;,
  3;72,73,105;,
  3;73,106,105;,
  3;73,74,106;,
  3;74,107,106;,
  3;74,75,107;,
  3;75,108,107;,
  3;75,76,108;,
  3;76,109,108;,
  3;76,77,109;,
  3;77,110,109;,
  3;77,78,110;,
  3;78,111,110;,
  3;78,79,111;,
  3;79,112,111;,
  3;79,80,112;,
  3;80,113,112;,
  3;80,81,113;,
  3;81,114,113;,
  3;81,82,114;,
  3;82,115,114;,
  3;82,83,115;,
  3;83,116,115;,
  3;83,84,116;,
  3;84,117,116;,
  3;84,85,117;,
  3;85,118,117;,
  3;85,86,118;,
  3;86,119,118;,
  3;86,87,119;,
  3;87,120,119;,
  3;87,88,120;,
  3;88,121,120;,
  3;88,89,121;,
  3;89,122,121;,
  3;89,90,122;,
  3;90,123,122;,
  3;90,91,123;,
  3;91,124,123;,
  3;91,92,124;,
  3;92,125,124;,
  3;92,93,125;,
  3;93,126,125;,
  3;93,94,126;,
  3;94,127,126;,
  3;94,95,127;,
  3;95,128,127;,
  3;95,96,128;,
  3;96,516,128;,
  3;96,515,516;,
  3;97,130,129;,
  3;97,98,130;,
  3;98,131,130;,
  3;98,99,131;,
  3;99,132,131;,
  3;99,100,132;,
  3;100,133,132;,
  3;100,101,133;,
  3;101,134,133;,
  3;101,102,134;,
  3;102,135,134;,
  3;102,103,135;,
  3;103,136,135;,
  3;103,104,136;,
  3;104,137,136;,
  3;104,105,137;,
  3;105,138,137;,
  3;105,106,138;,
  3;106,139,138;,
  3;106,107,139;,
  3;107,140,139;,
  3;107,108,140;,
  3;108,141,140;,
  3;108,109,141;,
  3;109,142,141;,
  3;109,110,142;,
  3;110,143,142;,
  3;110,111,143;,
  3;111,144,143;,
  3;111,112,144;,
  3;112,145,144;,
  3;112,113,145;,
  3;113,146,145;,
  3;113,114,146;,
  3;114,147,146;,
  3;114,115,147;,
  3;115,148,147;,
  3;115,116,148;,
  3;116,149,148;,
  3;116,117,149;,
  3;117,150,149;,
  3;117,118,150;,
  3;118,151,150;,
  3;118,119,151;,
  3;119,152,151;,
  3;119,120,152;,
  3;120,153,152;,
  3;120,121,153;,
  3;121,154,153;,
  3;121,122,154;,
  3;122,155,154;,
  3;122,123,155;,
  3;123,156,155;,
  3;123,124,156;,
  3;124,157,156;,
  3;124,125,157;,
  3;125,158,157;,
  3;125,126,158;,
  3;126,159,158;,
  3;126,127,159;,
  3;127,160,159;,
  3;127,128,160;,
  3;128,517,160;,
  3;128,516,517;,
  3;129,162,161;,
  3;129,130,162;,
  3;130,163,162;,
  3;130,131,163;,
  3;131,164,163;,
  3;131,132,164;,
  3;132,165,164;,
  3;132,133,165;,
  3;133,166,165;,
  3;133,134,166;,
  3;134,167,166;,
  3;134,135,167;,
  3;135,168,167;,
  3;135,136,168;,
  3;136,169,168;,
  3;136,137,169;,
  3;137,170,169;,
  3;137,138,170;,
  3;138,171,170;,
  3;138,139,171;,
  3;139,172,171;,
  3;139,140,172;,
  3;140,173,172;,
  3;140,141,173;,
  3;141,174,173;,
  3;141,142,174;,
  3;142,175,174;,
  3;142,143,175;,
  3;143,176,175;,
  3;143,144,176;,
  3;144,177,176;,
  3;144,145,177;,
  3;145,178,177;,
  3;145,146,178;,
  3;146,179,178;,
  3;146,147,179;,
  3;147,180,179;,
  3;147,148,180;,
  3;148,181,180;,
  3;148,149,181;,
  3;149,182,181;,
  3;149,150,182;,
  3;150,183,182;,
  3;150,151,183;,
  3;151,184,183;,
  3;151,152,184;,
  3;152,185,184;,
  3;152,153,185;,
  3;153,186,185;,
  3;153,154,186;,
  3;154,187,186;,
  3;154,155,187;,
  3;155,188,187;,
  3;155,156,188;,
  3;156,189,188;,
  3;156,157,189;,
  3;157,190,189;,
  3;157,158,190;,
  3;158,191,190;,
  3;158,159,191;,
  3;159,192,191;,
  3;159,160,192;,
  3;160,518,192;,
  3;160,517,518;,
  3;161,194,193;,
  3;161,162,194;,
  3;162,195,194;,
  3;162,163,195;,
  3;163,196,195;,
  3;163,164,196;,
  3;164,197,196;,
  3;164,165,197;,
  3;165,198,197;,
  3;165,166,198;,
  3;166,199,198;,
  3;166,167,199;,
  3;167,200,199;,
  3;167,168,200;,
  3;168,201,200;,
  3;168,169,201;,
  3;169,202,201;,
  3;169,170,202;,
  3;170,203,202;,
  3;170,171,203;,
  3;171,204,203;,
  3;171,172,204;,
  3;172,205,204;,
  3;172,173,205;,
  3;173,206,205;,
  3;173,174,206;,
  3;174,207,206;,
  3;174,175,207;,
  3;175,208,207;,
  3;175,176,208;,
  3;176,209,208;,
  3;176,177,209;,
  3;177,210,209;,
  3;177,178,210;,
  3;178,211,210;,
  3;178,179,211;,
  3;179,212,211;,
  3;179,180,212;,
  3;180,213,212;,
  3;180,181,213;,
  3;181,214,213;,
  3;181,182,214;,
  3;182,215,214;,
  3;182,183,215;,
  3;183,216,215;,
  3;183,184,216;,
  3;184,217,216;,
  3;184,185,217;,
  3;185,218,217;,
  3;185,186,218;,
  3;186,219,218;,
  3;186,187,219;,
  3;187,220,219;,
  3;187,188,220;,
  3;188,221,220;,
  3;188,189,221;,
  3;189,222,221;,
  3;189,190,222;,
  3;190,223,222;,
  3;190,191,223;,
  3;191,224,223;,
  3;191,192,224;,
  3;192,519,224;,
  3;192,518,519;,
  3;193,226,225;,
  3;193,194,226;,
  3;194,227,226;,
  3;194,195,227;,
  3;195,228,227;,
  3;195,196,228;,
  3;196,229,228;,
  3;196,197,229;,
  3;197,230,229;,
  3;197,198,230;,
  3;198,231,230;,
  3;198,199,231;,
  3;199,232,231;,
  3;199,200,232;,
  3;200,233,232;,
  3;200,201,233;,
  3;201,234,233;,
  3;201,202,234;,
  3;202,235,234;,
  3;202,203,235;,
  3;203,236,235;,
  3;203,204,236;,
  3;204,237,236;,
  3;204,205,237;,
  3;205,238,237;,
  3;205,206,238;,
  3;206,239,238;,
  3;206,207,239;,
  3;207,240,239;,
  3;207,208,240;,
  3;208,241,240;,
  3;208,209,241;,
  3;209,242,241;,
  3;209,210,242;,
  3;210,243,242;,
  3;210,211,243;,
  3;211,244,243;,
  3;211,212,244;,
  3;212,245,244;,
  3;212,213,245;,
  3;213,246,245;,
  3;213,214,246;,
  3;214,247,246;,
  3;214,215,247;,
  3;215,248,247;,
  3;215,216,248;,
  3;216,249,248;,
  3;216,217,249;,
  3;217,250,249;,
  3;217,218,250;,
  3;218,251,250;,
  3;218,219,251;,
  3;219,252,251;,
  3;219,220,252;,
  3;220,253,252;,
  3;220,221,253;,
  3;221,254,253;,
  3;221,222,254;,
  3;222,255,254;,
  3;222,223,255;,
  3;223,256,255;,
  3;223,224,256;,
  3;224,520,256;,
  3;224,519,520;,
  3;225,258,257;,
  3;225,226,258;,
  3;226,259,258;,
  3;226,227,259;,
  3;227,260,259;,
  3;227,228,260;,
  3;228,261,260;,
  3;228,229,261;,
  3;229,262,261;,
  3;229,230,262;,
  3;230,263,262;,
  3;230,231,263;,
  3;231,264,263;,
  3;231,232,264;,
  3;232,265,264;,
  3;232,233,265;,
  3;233,266,265;,
  3;233,234,266;,
  3;234,267,266;,
  3;234,235,267;,
  3;235,268,267;,
  3;235,236,268;,
  3;236,269,268;,
  3;236,237,269;,
  3;237,270,269;,
  3;237,238,270;,
  3;238,271,270;,
  3;238,239,271;,
  3;239,272,271;,
  3;239,240,272;,
  3;240,273,272;,
  3;240,241,273;,
  3;241,274,273;,
  3;241,242,274;,
  3;242,275,274;,
  3;242,243,275;,
  3;243,276,275;,
  3;243,244,276;,
  3;244,277,276;,
  3;244,245,277;,
  3;245,278,277;,
  3;245,246,278;,
  3;246,279,278;,
  3;246,247,279;,
  3;247,280,279;,
  3;247,248,280;,
  3;248,281,280;,
  3;248,249,281;,
  3;249,282,281;,
  3;249,250,282;,
  3;250,283,282;,
  3;250,251,283;,
  3;251,284,283;,
  3;251,252,284;,
  3;252,285,284;,
  3;252,253,285;,
  3;253,286,285;,
  3;253,254,286;,
  3;254,287,286;,
  3;254,255,287;,
  3;255,288,287;,
  3;255,256,288;,
  3;256,521,288;,
  3;256,520,521;,
  3;257,290,289;,
  3;257,258,290;,
  3;258,291,290;,
  3;258,259,291;,
  3;259,292,291;,
  3;259,260,292;,
  3;260,293,292;,
  3;260,261,293;,
  3;261,294,293;,
  3;261,262,294;,
  3;262,295,294;,
  3;262,263,295;,
  3;263,296,295;,
  3;263,264,296;,
  3;264,297,296;,
  3;264,265,297;,
  3;265,298,297;,
  3;265,266,298;,
  3;266,299,298;,
  3;266,267,299;,
  3;267,300,299;,
  3;267,268,300;,
  3;268,301,300;,
  3;268,269,301;,
  3;269,302,301;,
  3;269,270,302;,
  3;270,303,302;,
  3;270,271,303;,
  3;271,304,303;,
  3;271,272,304;,
  3;272,305,304;,
  3;272,273,305;,
  3;273,306,305;,
  3;273,274,306;,
  3;274,307,306;,
  3;274,275,307;,
  3;275,308,307;,
  3;275,276,308;,
  3;276,309,308;,
  3;276,277,309;,
  3;277,310,309;,
  3;277,278,310;,
  3;278,311,310;,
  3;278,279,311;,
  3;279,312,311;,
  3;279,280,312;,
  3;280,313,312;,
  3;280,281,313;,
  3;281,314,313;,
  3;281,282,314;,
  3;282,315,314;,
  3;282,283,315;,
  3;283,316,315;,
  3;283,284,316;,
  3;284,317,316;,
  3;284,285,317;,
  3;285,318,317;,
  3;285,286,318;,
  3;286,319,318;,
  3;286,287,319;,
  3;287,320,319;,
  3;287,288,320;,
  3;288,522,320;,
  3;288,521,522;,
  3;289,322,321;,
  3;289,290,322;,
  3;290,323,322;,
  3;290,291,323;,
  3;291,324,323;,
  3;291,292,324;,
  3;292,325,324;,
  3;292,293,325;,
  3;293,326,325;,
  3;293,294,326;,
  3;294,327,326;,
  3;294,295,327;,
  3;295,328,327;,
  3;295,296,328;,
  3;296,329,328;,
  3;296,297,329;,
  3;297,330,329;,
  3;297,298,330;,
  3;298,331,330;,
  3;298,299,331;,
  3;299,332,331;,
  3;299,300,332;,
  3;300,333,332;,
  3;300,301,333;,
  3;301,334,333;,
  3;301,302,334;,
  3;302,335,334;,
  3;302,303,335;,
  3;303,336,335;,
  3;303,304,336;,
  3;304,337,336;,
  3;304,305,337;,
  3;305,338,337;,
  3;305,306,338;,
  3;306,339,338;,
  3;306,307,339;,
  3;307,340,339;,
  3;307,308,340;,
  3;308,341,340;,
  3;308,309,341;,
  3;309,342,341;,
  3;309,310,342;,
  3;310,343,342;,
  3;310,311,343;,
  3;311,344,343;,
  3;311,312,344;,
  3;312,345,344;,
  3;312,313,345;,
  3;313,346,345;,
  3;313,314,346;,
  3;314,347,346;,
  3;314,315,347;,
  3;315,348,347;,
  3;315,316,348;,
  3;316,349,348;,
  3;316,317,349;,
  3;317,350,349;,
  3;317,318,350;,
  3;318,351,350;,
  3;318,319,351;,
  3;319,352,351;,
  3;319,320,352;,
  3;320,523,352;,
  3;320,522,523;,
  3;321,354,353;,
  3;321,322,354;,
  3;322,355,354;,
  3;322,323,355;,
  3;323,356,355;,
  3;323,324,356;,
  3;324,357,356;,
  3;324,325,357;,
  3;325,358,357;,
  3;325,326,358;,
  3;326,359,358;,
  3;326,327,359;,
  3;327,360,359;,
  3;327,328,360;,
  3;328,361,360;,
  3;328,329,361;,
  3;329,362,361;,
  3;329,330,362;,
  3;330,363,362;,
  3;330,331,363;,
  3;331,364,363;,
  3;331,332,364;,
  3;332,365,364;,
  3;332,333,365;,
  3;333,366,365;,
  3;333,334,366;,
  3;334,367,366;,
  3;334,335,367;,
  3;335,368,367;,
  3;335,336,368;,
  3;336,369,368;,
  3;336,337,369;,
  3;337,370,369;,
  3;337,338,370;,
  3;338,371,370;,
  3;338,339,371;,
  3;339,372,371;,
  3;339,340,372;,
  3;340,373,372;,
  3;340,341,373;,
  3;341,374,373;,
  3;341,342,374;,
  3;342,375,374;,
  3;342,343,375;,
  3;343,376,375;,
  3;343,344,376;,
  3;344,377,376;,
  3;344,345,377;,
  3;345,378,377;,
  3;345,346,378;,
  3;346,379,378;,
  3;346,347,379;,
  3;347,380,379;,
  3;347,348,380;,
  3;348,381,380;,
  3;348,349,381;,
  3;349,382,381;,
  3;349,350,382;,
  3;350,383,382;,
  3;350,351,383;,
  3;351,384,383;,
  3;351,352,384;,
  3;352,524,384;,
  3;352,523,524;,
  3;353,386,385;,
  3;353,354,386;,
  3;354,387,386;,
  3;354,355,387;,
  3;355,388,387;,
  3;355,356,388;,
  3;356,389,388;,
  3;356,357,389;,
  3;357,390,389;,
  3;357,358,390;,
  3;358,391,390;,
  3;358,359,391;,
  3;359,392,391;,
  3;359,360,392;,
  3;360,393,392;,
  3;360,361,393;,
  3;361,394,393;,
  3;361,362,394;,
  3;362,395,394;,
  3;362,363,395;,
  3;363,396,395;,
  3;363,364,396;,
  3;364,397,396;,
  3;364,365,397;,
  3;365,398,397;,
  3;365,366,398;,
  3;366,399,398;,
  3;366,367,399;,
  3;367,400,399;,
  3;367,368,400;,
  3;368,401,400;,
  3;368,369,401;,
  3;369,402,401;,
  3;369,370,402;,
  3;370,403,402;,
  3;370,371,403;,
  3;371,404,403;,
  3;371,372,404;,
  3;372,405,404;,
  3;372,373,405;,
  3;373,406,405;,
  3;373,374,406;,
  3;374,407,406;,
  3;374,375,407;,
  3;375,408,407;,
  3;375,376,408;,
  3;376,409,408;,
  3;376,377,409;,
  3;377,410,409;,
  3;377,378,410;,
  3;378,411,410;,
  3;378,379,411;,
  3;379,412,411;,
  3;379,380,412;,
  3;380,413,412;,
  3;380,381,413;,
  3;381,414,413;,
  3;381,382,414;,
  3;382,415,414;,
  3;382,383,415;,
  3;383,416,415;,
  3;383,384,416;,
  3;384,525,416;,
  3;384,524,525;,
  3;385,418,417;,
  3;385,386,418;,
  3;386,419,418;,
  3;386,387,419;,
  3;387,420,419;,
  3;387,388,420;,
  3;388,421,420;,
  3;388,389,421;,
  3;389,422,421;,
  3;389,390,422;,
  3;390,423,422;,
  3;390,391,423;,
  3;391,424,423;,
  3;391,392,424;,
  3;392,425,424;,
  3;392,393,425;,
  3;393,426,425;,
  3;393,394,426;,
  3;394,427,426;,
  3;394,395,427;,
  3;395,428,427;,
  3;395,396,428;,
  3;396,429,428;,
  3;396,397,429;,
  3;397,430,429;,
  3;397,398,430;,
  3;398,431,430;,
  3;398,399,431;,
  3;399,432,431;,
  3;399,400,432;,
  3;400,433,432;,
  3;400,401,433;,
  3;401,434,433;,
  3;401,402,434;,
  3;402,435,434;,
  3;402,403,435;,
  3;403,436,435;,
  3;403,404,436;,
  3;404,437,436;,
  3;404,405,437;,
  3;405,438,437;,
  3;405,406,438;,
  3;406,439,438;,
  3;406,407,439;,
  3;407,440,439;,
  3;407,408,440;,
  3;408,441,440;,
  3;408,409,441;,
  3;409,442,441;,
  3;409,410,442;,
  3;410,443,442;,
  3;410,411,443;,
  3;411,444,443;,
  3;411,412,444;,
  3;412,445,444;,
  3;412,413,445;,
  3;413,446,445;,
  3;413,414,446;,
  3;414,447,446;,
  3;414,415,447;,
  3;415,448,447;,
  3;415,416,448;,
  3;416,526,448;,
  3;416,525,526;,
  3;417,450,449;,
  3;417,418,450;,
  3;418,451,450;,
  3;418,419,451;,
  3;419,452,451;,
  3;419,420,452;,
  3;420,453,452;,
  3;420,421,453;,
  3;421,454,453;,
  3;421,422,454;,
  3;422,455,454;,
  3;422,423,455;,
  3;423,456,455;,
  3;423,424,456;,
  3;424,457,456;,
  3;424,425,457;,
  3;425,458,457;,
  3;425,426,458;,
  3;426,459,458;,
  3;426,427,459;,
  3;427,460,459;,
  3;427,428,460;,
  3;428,461,460;,
  3;428,429,461;,
  3;429,462,461;,
  3;429,430,462;,
  3;430,463,462;,
  3;430,431,463;,
  3;431,464,463;,
  3;431,432,464;,
  3;432,465,464;,
  3;432,433,465;,
  3;433,466,465;,
  3;433,434,466;,
  3;434,467,466;,
  3;434,435,467;,
  3;435,468,467;,
  3;435,436,468;,
  3;436,469,468;,
  3;436,437,469;,
  3;437,470,469;,
  3;437,438,470;,
  3;438,471,470;,
  3;438,439,471;,
  3;439,472,471;,
  3;439,440,472;,
  3;440,473,472;,
  3;440,441,473;,
  3;441,474,473;,
  3;441,442,474;,
  3;442,475,474;,
  3;442,443,475;,
  3;443,476,475;,
  3;443,444,476;,
  3;444,477,476;,
  3;444,445,477;,
  3;445,478,477;,
  3;445,446,478;,
  3;446,479,478;,
  3;446,447,479;,
  3;447,480,479;,
  3;447,448,480;,
  3;448,527,480;,
  3;448,526,527;,
  3;481,449,450;,
  3;528,450,451;,
  3;529,451,452;,
  3;530,452,453;,
  3;531,453,454;,
  3;532,454,455;,
  3;533,455,456;,
  3;534,456,457;,
  3;535,457,458;,
  3;536,458,459;,
  3;537,459,460;,
  3;538,460,461;,
  3;539,461,462;,
  3;540,462,463;,
  3;541,463,464;,
  3;542,464,465;,
  3;543,465,466;,
  3;544,466,467;,
  3;545,467,468;,
  3;546,468,469;,
  3;547,469,470;,
  3;548,470,471;,
  3;549,471,472;,
  3;550,472,473;,
  3;551,473,474;,
  3;552,474,475;,
  3;553,475,476;,
  3;554,476,477;,
  3;555,477,478;,
  3;556,478,479;,
  3;557,479,480;,
  3;558,480,527;;

  MeshMaterialList  {
   1;
   960;
   0,
   0,
   0,
   0,
   0,
   0,
   0,
   0,
   0,
   0,
   0,
   0,
   0,
   0,
   0,
   0,
   0,
   0,
   0,
   0,
   0,
   0,
   0,
   0,
   0,
   0,
   0,
   0,
   0,
   0,
   0,
   0,
   0,
   0,
   0,
   0,
   0,
   0,
   0,
   0,
   0,
   0,
   0,
   0,
   0,
   0,
   0,
   0,
   0,
   0,
   0,
   0,
   0,
   0,
   0,
   0,
   0,
   0,
   0,
   0,
   0,
   0,
   0,
   0,
   0,
   0,
   0,
   0,
   0,
   0,
   0,
   0,
   0,
   0,
   0,
   0,
   0,
   0,
   0,
   0,
   0,
   0,
   0,
   0,
   0,
   0,
   0,
   0,
   0,
   0,
   0,
   0,
   0,
   0,
   0,
   0,
   0,
   0,
   0,
   0,
   0,
   0,
   0,
   0,
   0,
   0,
   0,
   0,
   0,
   0,
   0,
   0,
   0,
   0,
   0,
   0,
   0,
   0,
   0,
   0,
   0,
   0,
   0,
   0,
   0,
   0,
   0,
   0,
   0,
   0,
   0,
   0,
   0,
   0,
   0,
   0,
   0,
   0,
   0,
   0,
   0,
   0,
   0,
   0,
   0,
   0,
   0,
   0,
   0,
   0,
   0,
   0,
   0,
   0,
   0,
   0,
   0,
   0,
   0,
   0,
   0,
   0,
   0,
   0,
   0,
   0,
   0,
   0,
   0,
   0,
   0,
   0,
   0,
   0,
   0,
   0,
   0,
   0,
   0,
   0,
   0,
   0,
   0,
   0,
   0,
   0,
   0,
   0,
   0,
   0,
   0,
   0,
   0,
   0,
   0,
   0,
   0,
   0,
   0,
   0,
   0,
   0,
   0,
   0,
   0,
   0,
   0,
   0,
   0,
   0,
   0,
   0,
   0,
   0,
   0,
   0,
   0,
   0,
   0,
   0,
   0,
   0,
   0,
   0,
   0,
   0,
   0,
   0,
   0,
   0,
   0,
   0,
   0,
   0,
   0,
   0,
   0,
   0,
   0,
   0,
   0,
   0,
   0,
   0,
   0,
   0,
   0,
   0,
   0,
   0,
   0,
   0,
   0,
   0,
   0,
   0,
   0,
   0,
   0,
   0,
   0,
   0,
   0,
   0,
   0,
   0,
   0,
   0,
   0,
   0,
   0,
   0,
   0,
   0,
   0,
   0,
   0,
   0,
   0,
   0,
   0,
   0,
   0,
   0,
   0,
   0,
   0,
   0,
   0,
   0,
   0,
   0,
   0,
   0,
   0,
   0,
   0,
   0,
   0,
   0,
   0,
   0,
   0,
   0,
   0,
   0,
   0,
   0,
   0,
   0,
   0,
   0,
   0,
   0,
   0,
   0,
   0,
   0,
   0,
   0,
   0,
   0,
   0,
   0,
   0,
   0,
   0,
   0,
   0,
   0,
   0,
   0,
   0,
   0,
   0,
   0,
   0,
   0,
   0,
   0,
   0,
   0,
   0,
   0,
   0,
   0,
   0,
   0,
   0,
   0,
   0,
   0,
   0,
   0,
   0,
   0,
   0,
   0,
   0,
   0,
   0,
   0,
   0,
   0,
   0,
   0,
   0,
   0,
   0,
   0,
   0,
   0,
   0,
   0,
   0,
   0,
   0,
   0,
   0,
   0,
   0,
   0,
   0,
   0,
   0,
   0,
   0,
   0,
   0,
   0,
   0,
   0,
   0,
   0,
   0,
   0,
   0,
   0,
   0,
   0,
   0,
   0,
   0,
   0,
   0,
   0,
   0,
   0,
   0,
   0,
   0,
   0,
   0,
   0,
   0,
   0,
   0,
   0,
   0,
   0,
   0,
   0,
   0,
   0,
   0,
   0,
   0,
   0,
   0,
   0,
   0,
   0,
   0,
   0,
   0,
   0,
   0,
   0,
   0,
   0,
   0,
   0,
   0,
   0,
   0,
   0,
   0,
   0,
   0,
   0,
   0,
   0,
   0,
   0,
   0,
   0,
   0,
   0,
   0,
   0,
   0,
   0,
   0,
   0,
   0,
   0,
   0,
   0,
   0,
   0,
   0,
   0,
   0,
   0,
   0,
   0,
   0,
   0,
   0,
   0,
   0,
   0,
   0,
   0,
   0,
   0,
   0,
   0,
   0,
   0,
   0,
   0,
   0,
   0,
   0,
   0,
   0,
   0,
   0,
   0,
   0,
   0,
   0,
   0,
   0,
   0,
   0,
   0,
   0,
   0,
   0,
   0,
   0,
   0,
   0,
   0,
   0,
   0,
   0,
   0,
   0,
   0,
   0,
   0,
   0,
   0,
   0,
   0,
   0,
   0,
   0,
   0,
   0,
   0,
   0,
   0,
   0,
   0,
   0,
   0,
   0,
   0,
   0,
   0,
   0,
   0,
   0,
   0,
   0,
   0,
   0,
   0,
   0,
   0,
   0,
   0,
   0,
   0,
   0,
   0,
   0,
   0,
   0,
   0,
   0,
   0,
   0,
   0,
   0,
   0,
   0,
   0,
   0,
   0,
   0,
   0,
   0,
   0,
   0,
   0,
   0,
   0,
   0,
   0,
   0,
   0,
   0,
   0,
   0,
   0,
   0,
   0,
   0,
   0,
   0,
   0,
   0,
   0,
   0,
   0,
   0,
   0,
   0,
   0,
   0,
   0,
   0,
   0,
   0,
   0,
   0,
   0,
   0,
   0,
   0,
   0,
   0,
   0,
   0,
   0,
   0,
   0,
   0,
   0,
   0,
   0,
   0,
   0,
   0,
   0,
   0,
   0,
   0,
   0,
   0,
   0,
   0,
   0,
   0,
   0,
   0,
   0,
   0,
   0,
   0,
   0,
   0,
   0,
   0,
   0,
   0,
   0,
   0,
   0,
   0,
   0,
   0,
   0,
   0,
   0,
   0,
   0,
   0,
   0,
   0,
   0,
   0,
   0,
   0,
   0,
   0,
   0,
   0,
   0,
   0,
   0,
   0,
   0,
   0,
   0,
   0,
   0,
   0,
   0,
   0,
   0,
   0,
   0,
   0,
   0,
   0,
   0,
   0,
   0,
   0,
   0,
   0,
   0,
   0,
   0,
   0,
   0,
   0,
   0,
   0,
   0,
   0,
   0,
   0,
   0,
   0,
   0,
   0,
   0,
   0,
   0,
   0,
   0,
   0,
   0,
   0,
   0,
   0,
   0,
   0,
   0,
   0,
   0,
   0,
   0,
   0,
   0,
   0,
   0,
   0,
   0,
   0,
   0,
   0,
   0,
   0,
   0,
   0,
   0,
   0,
   0,
   0,
   0,
   0,
   0,
   0,
   0,
   0,
   0,
   0,
   0,
   0,
   0,
   0,
   0,
   0,
   0,
   0,
   0,
   0,
   0,
   0,
   0,
   0,
   0,
   0,
   0,
   0,
   0,
   0,
   0,
   0,
   0,
   0,
   0,
   0,
   0,
   0,
   0,
   0,
   0,
   0,
   0,
   0,
   0,
   0,
   0,
   0,
   0,
   0,
   0,
   0,
   0,
   0,
   0,
   0,
   0,
   0,
   0,
   0,
   0,
   0,
   0,
   0,
   0,
   0,
   0,
   0,
   0,
   0,
   0,
   0,
   0,
   0,
   0,
   0,
   0,
   0,
   0,
   0,
   0,
   0,
   0,
   0,
   0,
   0,
   0,
   0,
   0,
   0,
   0,
   0,
   0,
   0,
   0,
   0,
   0,
   0,
   0,
   0,
   0,
   0,
   0,
   0,
   0,
   0,
   0,
   0,
   0,
   0,
   0,
   0,
   0,
   0,
   0,
   0,
   0,
   0,
   0,
   0,
   0,
   0,
   0,
   0,
   0,
   0,
   0,
   0,
   0,
   0,
   0,
   0,
   0,
   0,
   0,
   0,
   0,
   0,
   0,
   0,
   0,
   0,
   0,
   0,
   0,
   0,
   0,
   0,
   0,
   0,
   0,
   0,
   0,
   0,
   0,
   0,
   0,
   0,
   0,
   0,
   0,
   0,
   0,
   0,
   0,
   0,
   0,
   0,
   0,
   0,
   0,
   0,
   0,
   0,
   0,
   0,
   0,
   0,
   0,
   0,
   0,
   0,
   0,
   0,
   0,
   0,
   0,
   0,
   0,
   0,
   0,
   0,
   0,
   0,
   0,
   0,
   0,
   0,
   0,
   0,
   0,
   0,
   0,
   0,
   0,
   0,
   0,
   0,
   0,
   0,
   0,
   0,
   0,
   0,
   0;

   Material PDX01_-_Default {
    0.996079;0.980392;0.698039;1.000000;;
    3.200000;
    0.000000;0.000000;0.000000;;
    0.000000;0.000000;0.000000;;
   }
  }

  MeshTextureCoords  {
   559;
   0.000000;0.000000;,
   0.000000;0.062500;,
   0.031250;0.062500;,
   0.062500;0.062500;,
   0.093750;0.062500;,
   0.125000;0.062500;,
   0.156250;0.062500;,
   0.187500;0.062500;,
   0.218750;0.062500;,
   0.250000;0.062500;,
   0.281250;0.062500;,
   0.312500;0.062500;,
   0.343750;0.062500;,
   0.375000;0.062500;,
   0.406250;0.062500;,
   0.437500;0.062500;,
   0.468750;0.062500;,
   0.500000;0.062500;,
   0.531250;0.062500;,
   0.562500;0.062500;,
   0.593750;0.062500;,
   0.625000;0.062500;,
   0.656250;0.062500;,
   0.687500;0.062500;,
   0.718750;0.062500;,
   0.750000;0.062500;,
   0.781250;0.062500;,
   0.812500;0.062500;,
   0.843750;0.062500;,
   0.875000;0.062500;,
   0.906250;0.062500;,
   0.937500;0.062500;,
   0.968750;0.062500;,
   0.000000;0.125000;,
   0.031250;0.125000;,
   0.062500;0.125000;,
   0.093750;0.125000;,
   0.125000;0.125000;,
   0.156250;0.125000;,
   0.187500;0.125000;,
   0.218750;0.125000;,
   0.250000;0.125000;,
   0.281250;0.125000;,
   0.312500;0.125000;,
   0.343750;0.125000;,
   0.375000;0.125000;,
   0.406250;0.125000;,
   0.437500;0.125000;,
   0.468750;0.125000;,
   0.500000;0.125000;,
   0.531250;0.125000;,
   0.562500;0.125000;,
   0.593750;0.125000;,
   0.625000;0.125000;,
   0.656250;0.125000;,
   0.687500;0.125000;,
   0.718750;0.125000;,
   0.750000;0.125000;,
   0.781250;0.125000;,
   0.812500;0.125000;,
   0.843750;0.125000;,
   0.875000;0.125000;,
   0.906250;0.125000;,
   0.937500;0.125000;,
   0.968750;0.125000;,
   0.000000;0.187500;,
   0.031250;0.187500;,
   0.062500;0.187500;,
   0.093750;0.187500;,
   0.125000;0.187500;,
   0.156250;0.187500;,
   0.187500;0.187500;,
   0.218750;0.187500;,
   0.250000;0.187500;,
   0.281250;0.187500;,
   0.312500;0.187500;,
   0.343750;0.187500;,
   0.375000;0.187500;,
   0.406250;0.187500;,
   0.437500;0.187500;,
   0.468750;0.187500;,
   0.500000;0.187500;,
   0.531250;0.187500;,
   0.562500;0.187500;,
   0.593750;0.187500;,
   0.625000;0.187500;,
   0.656250;0.187500;,
   0.687500;0.187500;,
   0.718750;0.187500;,
   0.750000;0.187500;,
   0.781250;0.187500;,
   0.812500;0.187500;,
   0.843750;0.187500;,
   0.875000;0.187500;,
   0.906250;0.187500;,
   0.937500;0.187500;,
   0.968750;0.187500;,
   0.000000;0.250000;,
   0.031250;0.250000;,
   0.062500;0.250000;,
   0.093750;0.250000;,
   0.125000;0.250000;,
   0.156250;0.250000;,
   0.187500;0.250000;,
   0.218750;0.250000;,
   0.250000;0.250000;,
   0.281250;0.250000;,
   0.312500;0.250000;,
   0.343750;0.250000;,
   0.375000;0.250000;,
   0.406250;0.250000;,
   0.437500;0.250000;,
   0.468750;0.250000;,
   0.500000;0.250000;,
   0.531250;0.250000;,
   0.562500;0.250000;,
   0.593750;0.250000;,
   0.625000;0.250000;,
   0.656250;0.250000;,
   0.687500;0.250000;,
   0.718750;0.250000;,
   0.750000;0.250000;,
   0.781250;0.250000;,
   0.812500;0.250000;,
   0.843750;0.250000;,
   0.875000;0.250000;,
   0.906250;0.250000;,
   0.937500;0.250000;,
   0.968750;0.250000;,
   0.000000;0.312500;,
   0.031250;0.312500;,
   0.062500;0.312500;,
   0.093750;0.312500;,
   0.125000;0.312500;,
   0.156250;0.312500;,
   0.187500;0.312500;,
   0.218750;0.312500;,
   0.250000;0.312500;,
   0.281250;0.312500;,
   0.312500;0.312500;,
   0.343750;0.312500;,
   0.375000;0.312500;,
   0.406250;0.312500;,
   0.437500;0.312500;,
   0.468750;0.312500;,
   0.500000;0.312500;,
   0.531250;0.312500;,
   0.562500;0.312500;,
   0.593750;0.312500;,
   0.625000;0.312500;,
   0.656250;0.312500;,
   0.687500;0.312500;,
   0.718750;0.312500;,
   0.750000;0.312500;,
   0.781250;0.312500;,
   0.812500;0.312500;,
   0.843750;0.312500;,
   0.875000;0.312500;,
   0.906250;0.312500;,
   0.937500;0.312500;,
   0.968750;0.312500;,
   0.000000;0.375000;,
   0.031250;0.375000;,
   0.062500;0.375000;,
   0.093750;0.375000;,
   0.125000;0.375000;,
   0.156250;0.375000;,
   0.187500;0.375000;,
   0.218750;0.375000;,
   0.250000;0.375000;,
   0.281250;0.375000;,
   0.312500;0.375000;,
   0.343750;0.375000;,
   0.375000;0.375000;,
   0.406250;0.375000;,
   0.437500;0.375000;,
   0.468750;0.375000;,
   0.500000;0.375000;,
   0.531250;0.375000;,
   0.562500;0.375000;,
   0.593750;0.375000;,
   0.625000;0.375000;,
   0.656250;0.375000;,
   0.687500;0.375000;,
   0.718750;0.375000;,
   0.750000;0.375000;,
   0.781250;0.375000;,
   0.812500;0.375000;,
   0.843750;0.375000;,
   0.875000;0.375000;,
   0.906250;0.375000;,
   0.937500;0.375000;,
   0.968750;0.375000;,
   0.000000;0.437500;,
   0.031250;0.437500;,
   0.062500;0.437500;,
   0.093750;0.437500;,
   0.125000;0.437500;,
   0.156250;0.437500;,
   0.187500;0.437500;,
   0.218750;0.437500;,
   0.250000;0.437500;,
   0.281250;0.437500;,
   0.312500;0.437500;,
   0.343750;0.437500;,
   0.375000;0.437500;,
   0.406250;0.437500;,
   0.437500;0.437500;,
   0.468750;0.437500;,
   0.500000;0.437500;,
   0.531250;0.437500;,
   0.562500;0.437500;,
   0.593750;0.437500;,
   0.625000;0.437500;,
   0.656250;0.437500;,
   0.687500;0.437500;,
   0.718750;0.437500;,
   0.750000;0.437500;,
   0.781250;0.437500;,
   0.812500;0.437500;,
   0.843750;0.437500;,
   0.875000;0.437500;,
   0.906250;0.437500;,
   0.937500;0.437500;,
   0.968750;0.437500;,
   0.000000;0.500000;,
   0.031250;0.500000;,
   0.062500;0.500000;,
   0.093750;0.500000;,
   0.125000;0.500000;,
   0.156250;0.500000;,
   0.187500;0.500000;,
   0.218750;0.500000;,
   0.250000;0.500000;,
   0.281250;0.500000;,
   0.312500;0.500000;,
   0.343750;0.500000;,
   0.375000;0.500000;,
   0.406250;0.500000;,
   0.437500;0.500000;,
   0.468750;0.500000;,
   0.500000;0.500000;,
   0.531250;0.500000;,
   0.562500;0.500000;,
   0.593750;0.500000;,
   0.625000;0.500000;,
   0.656250;0.500000;,
   0.687500;0.500000;,
   0.718750;0.500000;,
   0.750000;0.500000;,
   0.781250;0.500000;,
   0.812500;0.500000;,
   0.843750;0.500000;,
   0.875000;0.500000;,
   0.906250;0.500000;,
   0.937500;0.500000;,
   0.968750;0.500000;,
   0.000000;0.562500;,
   0.031250;0.562500;,
   0.062500;0.562500;,
   0.093750;0.562500;,
   0.125000;0.562500;,
   0.156250;0.562500;,
   0.187500;0.562500;,
   0.218750;0.562500;,
   0.250000;0.562500;,
   0.281250;0.562500;,
   0.312500;0.562500;,
   0.343750;0.562500;,
   0.375000;0.562500;,
   0.406250;0.562500;,
   0.437500;0.562500;,
   0.468750;0.562500;,
   0.500000;0.562500;,
   0.531250;0.562500;,
   0.562500;0.562500;,
   0.593750;0.562500;,
   0.625000;0.562500;,
   0.656250;0.562500;,
   0.687500;0.562500;,
   0.718750;0.562500;,
   0.750000;0.562500;,
   0.781250;0.562500;,
   0.812500;0.562500;,
   0.843750;0.562500;,
   0.875000;0.562500;,
   0.906250;0.562500;,
   0.937500;0.562500;,
   0.968750;0.562500;,
   0.000000;0.625000;,
   0.031250;0.625000;,
   0.062500;0.625000;,
   0.093750;0.625000;,
   0.125000;0.625000;,
   0.156250;0.625000;,
   0.187500;0.625000;,
   0.218750;0.625000;,
   0.250000;0.625000;,
   0.281250;0.625000;,
   0.312500;0.625000;,
   0.343750;0.625000;,
   0.375000;0.625000;,
   0.406250;0.625000;,
   0.437500;0.625000;,
   0.468750;0.625000;,
   0.500000;0.625000;,
   0.531250;0.625000;,
   0.562500;0.625000;,
   0.593750;0.625000;,
   0.625000;0.625000;,
   0.656250;0.625000;,
   0.687500;0.625000;,
   0.718750;0.625000;,
   0.750000;0.625000;,
   0.781250;0.625000;,
   0.812500;0.625000;,
   0.843750;0.625000;,
   0.875000;0.625000;,
   0.906250;0.625000;,
   0.937500;0.625000;,
   0.968750;0.625000;,
   0.000000;0.687500;,
   0.031250;0.687500;,
   0.062500;0.687500;,
   0.093750;0.687500;,
   0.125000;0.687500;,
   0.156250;0.687500;,
   0.187500;0.687500;,
   0.218750;0.687500;,
   0.250000;0.687500;,
   0.281250;0.687500;,
   0.312500;0.687500;,
   0.343750;0.687500;,
   0.375000;0.687500;,
   0.406250;0.687500;,
   0.437500;0.687500;,
   0.468750;0.687500;,
   0.500000;0.687500;,
   0.531250;0.687500;,
   0.562500;0.687500;,
   0.593750;0.687500;,
   0.625000;0.687500;,
   0.656250;0.687500;,
   0.687500;0.687500;,
   0.718750;0.687500;,
   0.750000;0.687500;,
   0.781250;0.687500;,
   0.812500;0.687500;,
   0.843750;0.687500;,
   0.875000;0.687500;,
   0.906250;0.687500;,
   0.937500;0.687500;,
   0.968750;0.687500;,
   0.000000;0.750000;,
   0.031250;0.750000;,
   0.062500;0.750000;,
   0.093750;0.750000;,
   0.125000;0.750000;,
   0.156250;0.750000;,
   0.187500;0.750000;,
   0.218750;0.750000;,
   0.250000;0.750000;,
   0.281250;0.750000;,
   0.312500;0.750000;,
   0.343750;0.750000;,
   0.375000;0.750000;,
   0.406250;0.750000;,
   0.437500;0.750000;,
   0.468750;0.750000;,
   0.500000;0.750000;,
   0.531250;0.750000;,
   0.562500;0.750000;,
   0.593750;0.750000;,
   0.625000;0.750000;,
   0.656250;0.750000;,
   0.687500;0.750000;,
   0.718750;0.750000;,
   0.750000;0.750000;,
   0.781250;0.750000;,
   0.812500;0.750000;,
   0.843750;0.750000;,
   0.875000;0.750000;,
   0.906250;0.750000;,
   0.937500;0.750000;,
   0.968750;0.750000;,
   0.000000;0.812500;,
   0.031250;0.812500;,
   0.062500;0.812500;,
   0.093750;0.812500;,
   0.125000;0.812500;,
   0.156250;0.812500;,
   0.187500;0.812500;,
   0.218750;0.812500;,
   0.250000;0.812500;,
   0.281250;0.812500;,
   0.312500;0.812500;,
   0.343750;0.812500;,
   0.375000;0.812500;,
   0.406250;0.812500;,
   0.437500;0.812500;,
   0.468750;0.812500;,
   0.500000;0.812500;,
   0.531250;0.812500;,
   0.562500;0.812500;,
   0.593750;0.812500;,
   0.625000;0.812500;,
   0.656250;0.812500;,
   0.687500;0.812500;,
   0.718750;0.812500;,
   0.750000;0.812500;,
   0.781250;0.812500;,
   0.812500;0.812500;,
   0.843750;0.812500;,
   0.875000;0.812500;,
   0.906250;0.812500;,
   0.937500;0.812500;,
   0.968750;0.812500;,
   0.000000;0.875000;,
   0.031250;0.875000;,
   0.062500;0.875000;,
   0.093750;0.875000;,
   0.125000;0.875000;,
   0.156250;0.875000;,
   0.187500;0.875000;,
   0.218750;0.875000;,
   0.250000;0.875000;,
   0.281250;0.875000;,
   0.312500;0.875000;,
   0.343750;0.875000;,
   0.375000;0.875000;,
   0.406250;0.875000;,
   0.437500;0.875000;,
   0.468750;0.875000;,
   0.500000;0.875000;,
   0.531250;0.875000;,
   0.562500;0.875000;,
   0.593750;0.875000;,
   0.625000;0.875000;,
   0.656250;0.875000;,
   0.687500;0.875000;,
   0.718750;0.875000;,
   0.750000;0.875000;,
   0.781250;0.875000;,
   0.812500;0.875000;,
   0.843750;0.875000;,
   0.875000;0.875000;,
   0.906250;0.875000;,
   0.937500;0.875000;,
   0.968750;0.875000;,
   0.000000;0.937500;,
   0.031250;0.937500;,
   0.062500;0.937500;,
   0.093750;0.937500;,
   0.125000;0.937500;,
   0.156250;0.937500;,
   0.187500;0.937500;,
   0.218750;0.937500;,
   0.250000;0.937500;,
   0.281250;0.937500;,
   0.312500;0.937500;,
   0.343750;0.937500;,
   0.375000;0.937500;,
   0.406250;0.937500;,
   0.437500;0.937500;,
   0.468750;0.937500;,
   0.500000;0.937500;,
   0.531250;0.937500;,
   0.562500;0.937500;,
   0.593750;0.937500;,
   0.625000;0.937500;,
   0.656250;0.937500;,
   0.687500;0.937500;,
   0.718750;0.937500;,
   0.750000;0.937500;,
   0.781250;0.937500;,
   0.812500;0.937500;,
   0.843750;0.937500;,
   0.875000;0.937500;,
   0.906250;0.937500;,
   0.937500;0.937500;,
   0.968750;0.937500;,
   0.000000;1.000000;,
   0.031250;0.000000;,
   0.062500;0.000000;,
   0.093750;0.000000;,
   0.125000;0.000000;,
   0.156250;0.000000;,
   0.187500;0.000000;,
   0.218750;0.000000;,
   0.250000;0.000000;,
   0.281250;0.000000;,
   0.312500;0.000000;,
   0.343750;0.000000;,
   0.375000;0.000000;,
   0.406250;0.000000;,
   0.437500;0.000000;,
   0.468750;0.000000;,
   0.500000;0.000000;,
   0.531250;0.000000;,
   0.562500;0.000000;,
   0.593750;0.000000;,
   0.625000;0.000000;,
   0.656250;0.000000;,
   0.687500;0.000000;,
   0.718750;0.000000;,
   0.750000;0.000000;,
   0.781250;0.000000;,
   0.812500;0.000000;,
   0.843750;0.000000;,
   0.875000;0.000000;,
   0.906250;0.000000;,
   0.937500;0.000000;,
   0.968750;0.000000;,
   1.000000;0.062500;,
   1.000000;0.125000;,
   1.000000;0.187500;,
   1.000000;0.250000;,
   1.000000;0.312500;,
   1.000000;0.375000;,
   1.000000;0.437500;,
   1.000000;0.500000;,
   1.000000;0.562500;,
   1.000000;0.625000;,
   1.000000;0.687500;,
   1.000000;0.750000;,
   1.000000;0.812500;,
   1.000000;0.875000;,
   1.000000;0.937500;,
   0.031250;1.000000;,
   0.062500;1.000000;,
   0.093750;1.000000;,
   0.125000;1.000000;,
   0.156250;1.000000;,
   0.187500;1.000000;,
   0.218750;1.000000;,
   0.250000;1.000000;,
   0.281250;1.000000;,
   0.312500;1.000000;,
   0.343750;1.000000;,
   0.375000;1.000000;,
   0.406250;1.000000;,
   0.437500;1.000000;,
   0.468750;1.000000;,
   0.500000;1.000000;,
   0.531250;1.000000;,
   0.562500;1.000000;,
   0.593750;1.000000;,
   0.625000;1.000000;,
   0.656250;1.000000;,
   0.687500;1.000000;,
   0.718750;1.000000;,
   0.750000;1.000000;,
   0.781250;1.000000;,
   0.812500;1.000000;,
   0.843750;1.000000;,
   0.875000;1.000000;,
   0.906250;1.000000;,
   0.937500;1.000000;,
   0.968750;1.000000;;
  }
 }
}